1.643091436195983887e+09
1.643091436295866966e+09
1.643091436295866966e+09
1.643091436395781994e+09
1.643091436395781994e+09
1.643091436495717049e+09
1.643091436495717049e+09
1.643091436595801115e+09
1.643091436695987940e+09
1.643091436796103001e+09
1.643091436896056890e+09
1.643091436995923996e+09
1.643091436995923996e+09
1.643091437095912933e+09
1.643091437095912933e+09
1.643091437195744991e+09
1.643091437195744991e+09
1.643091437295562983e+09
1.643091437295562983e+09
1.643091437395401955e+09
1.643091437395401955e+09
1.643091437495264053e+09
1.643091437495264053e+09
1.643091437595174074e+09
1.643091437595174074e+09
1.643091437695144892e+09
1.643091437695144892e+09
1.643091437795140982e+09
1.643091437795140982e+09
1.643091437895132065e+09
1.643091437895132065e+09
1.643091437995162964e+09
1.643091438095386028e+09
1.643091438195497036e+09
1.643091438295627117e+09
1.643091438395706892e+09
1.643091438495714903e+09
1.643091438595698118e+09
1.643091438595698118e+09
1.643091438695653915e+09
1.643091438695653915e+09
1.643091438795564890e+09
1.643091438795564890e+09
1.643091438895437956e+09
1.643091438895437956e+09
1.643091438995290041e+09
1.643091438995290041e+09
1.643091439095357895e+09
1.643091439095357895e+09
1.643091439195291996e+09
1.643091439295221090e+09
1.643091439295221090e+09
1.643091439395164967e+09
1.643091439395164967e+09
1.643091439495224953e+09
1.643091439595494032e+09
1.643091439695866108e+09
1.643091439795922041e+09
1.643091439895744085e+09
1.643091439895744085e+09
1.643091439995373011e+09
1.643091439995373011e+09
1.643091440095240116e+09
1.643091440095240116e+09
1.643091440195076942e+09
1.643091440195076942e+09
1.643091440294989109e+09
1.643091440294989109e+09
1.643091440395068884e+09
1.643091440395068884e+09
1.643091440495141029e+09
1.643091440595345020e+09
1.643091440695703030e+09
1.643091440796057940e+09
1.643091440896384954e+09
1.643091440996721983e+09
1.643091441097256899e+09
1.643091441197532892e+09
1.643091441297724962e+09
1.643091441397711992e+09
1.643091441497534037e+09
1.643091441497534037e+09
1.643091441597254038e+09
1.643091441597254038e+09
1.643091441696825981e+09
1.643091441696825981e+09
1.643091441796303988e+09
1.643091441796303988e+09
1.643091441895791054e+09
1.643091441895791054e+09
1.643091441995459080e+09
1.643091441995459080e+09
1.643091442095555067e+09
1.643091442095555067e+09
1.643091442195713997e+09
1.643091442296022892e+09
1.643091442396387100e+09
1.643091442496727943e+09
1.643091442597033024e+09
1.643091442697313070e+09
1.643091442797441959e+09
1.643091442897496939e+09
1.643091442997296095e+09
1.643091442997296095e+09
1.643091443097078085e+09
1.643091443097078085e+09
1.643091443196656942e+09
1.643091443196656942e+09
1.643091443296276093e+09
1.643091443296276093e+09
1.643091443396095991e+09
1.643091443396095991e+09
1.643091443496047020e+09
1.643091443496047020e+09
1.643091443596247911e+09
1.643091443696372032e+09
1.643091443796578884e+09
1.643091443896750927e+09
1.643091443996862888e+09
1.643091444097038984e+09
1.643091444197025061e+09
1.643091444296977043e+09
1.643091444296977043e+09
1.643091444396889925e+09
1.643091444396889925e+09
1.643091444496814013e+09
1.643091444496814013e+09
1.643091444596812010e+09
1.643091444596812010e+09
1.643091444696964979e+09
1.643091444797190905e+09
1.643091444897438049e+09
1.643091444997668982e+09
1.643091445097882032e+09
1.643091445197942019e+09
1.643091445297919989e+09
1.643091445397846937e+09
1.643091445397846937e+09
1.643091445497636080e+09
1.643091445497636080e+09
1.643091445597378016e+09
1.643091445597378016e+09
1.643091445697139978e+09
1.643091445697139978e+09
1.643091445796890974e+09
1.643091445796890974e+09
1.643091445896626949e+09
1.643091445896626949e+09
1.643091445996526003e+09
1.643091445996526003e+09
1.643091446096640110e+09
1.643091446196599007e+09
1.643091446296468019e+09
1.643091446296468019e+09
1.643091446396414042e+09
1.643091446396414042e+09
1.643091446496423960e+09
1.643091446496423960e+09
1.643091446596302986e+09
1.643091446596302986e+09
1.643091446696155071e+09
1.643091446696155071e+09
1.643091446796034098e+09
1.643091446796034098e+09
1.643091446895976067e+09
1.643091446895976067e+09
1.643091446996007919e+09
1.643091446996007919e+09
1.643091447096221924e+09
1.643091447196281910e+09
1.643091447296411991e+09
1.643091447396507025e+09
1.643091447496553898e+09
1.643091447596553087e+09
1.643091447696537018e+09
1.643091447696537018e+09
1.643091447796536922e+09
1.643091447796536922e+09
1.643091447896603107e+09
1.643091447996685982e+09
1.643091448096837997e+09
1.643091448196788073e+09
1.643091448296673059e+09
1.643091448296673059e+09
1.643091448396461010e+09
1.643091448396461010e+09
1.643091448496263981e+09
1.643091448496263981e+09
1.643091448596184015e+09
1.643091448596184015e+09
1.643091448696214914e+09
1.643091448696214914e+09
1.643091448796278954e+09
1.643091448896337986e+09
1.643091448996413946e+09
1.643091449096565962e+09
1.643091449196491957e+09
1.643091449296333075e+09
1.643091449296333075e+09
1.643091449396167994e+09
1.643091449396167994e+09
1.643091449495949030e+09
1.643091449495949030e+09
1.643091449595733881e+09
1.643091449595733881e+09
1.643091449695642948e+09
1.643091449695642948e+09
1.643091449795612097e+09
1.643091449795612097e+09
1.643091449895589113e+09
1.643091449895589113e+09
1.643091449995558023e+09
1.643091449995558023e+09
1.643091450095613956e+09
1.643091450195544004e+09
1.643091450195544004e+09
1.643091450295515060e+09
1.643091450295515060e+09
1.643091450395497084e+09
1.643091450395497084e+09
1.643091450495544910e+09
1.643091450595608950e+09
1.643091450695616961e+09
1.643091450795648098e+09
1.643091450895678043e+09
1.643091450995723963e+09
1.643091451095957041e+09
1.643091451196104050e+09
1.643091451296143055e+09
1.643091451396114111e+09
1.643091451496053934e+09
1.643091451496053934e+09
1.643091451596000910e+09
1.643091451596000910e+09
1.643091451695991993e+09
1.643091451695991993e+09
1.643091451795965910e+09
1.643091451795965910e+09
1.643091451895889997e+09
1.643091451895889997e+09
1.643091451995732069e+09
1.643091451995732069e+09
1.643091452095705032e+09
1.643091452095705032e+09
1.643091452195599079e+09
1.643091452195599079e+09
1.643091452295475960e+09
1.643091452295475960e+09
1.643091452395418882e+09
1.643091452395418882e+09
1.643091452495393991e+09
1.643091452495393991e+09
1.643091452595391035e+09
1.643091452595391035e+09
1.643091452695255041e+09
1.643091452695255041e+09
1.643091452795196056e+09
1.643091452795196056e+09
1.643091452895184040e+09
1.643091452895184040e+09
1.643091452995191097e+09
1.643091452995191097e+09
1.643091453095300913e+09
1.643091453195230961e+09
1.643091453295211077e+09
1.643091453295211077e+09
1.643091453395421982e+09
1.643091453495738029e+09
1.643091453596081972e+09
1.643091453696396112e+09
1.643091453796588898e+09
1.643091453896644115e+09
1.643091453996510029e+09
1.643091453996510029e+09
1.643091454096482992e+09
1.643091454096482992e+09
1.643091454196260929e+09
1.643091454196260929e+09
1.643091454296175003e+09
1.643091454296175003e+09
1.643091454396075010e+09
1.643091454396075010e+09
1.643091454495959044e+09
1.643091454495959044e+09
1.643091454595952988e+09
1.643091454595952988e+09
1.643091454696033955e+09
1.643091454796124935e+09
1.643091454896261930e+09
1.643091454996362925e+09
1.643091455096617937e+09
1.643091455196667910e+09
1.643091455296727896e+09
1.643091455396786928e+09
1.643091455496773005e+09
1.643091455596663952e+09
1.643091455596663952e+09
1.643091455696474075e+09
1.643091455696474075e+09
1.643091455796339989e+09
1.643091455796339989e+09
1.643091455896250010e+09
1.643091455896250010e+09
1.643091455996195078e+09
1.643091455996195078e+09
1.643091456096245050e+09
1.643091456096245050e+09
1.643091456196064949e+09
1.643091456196064949e+09
1.643091456295830965e+09
1.643091456295830965e+09
1.643091456395523071e+09
1.643091456395523071e+09
1.643091456495373011e+09
1.643091456495373011e+09
1.643091456595295906e+09
1.643091456595295906e+09
1.643091456695233107e+09
1.643091456695233107e+09
1.643091456795242071e+09
1.643091456795242071e+09
1.643091456895240068e+09
1.643091456995276928e+09
1.643091457095510006e+09
1.643091457195569992e+09
1.643091457295665979e+09
1.643091457395761013e+09
1.643091457495845079e+09
1.643091457595951080e+09
1.643091457696063995e+09
1.643091457796067953e+09
1.643091457895946980e+09
1.643091457895946980e+09
1.643091457995769978e+09
1.643091457995769978e+09
1.643091458095732927e+09
1.643091458095732927e+09
1.643091458195600986e+09
1.643091458195600986e+09
1.643091458295583010e+09
1.643091458295583010e+09
1.643091458395584106e+09
1.643091458395584106e+09
1.643091458495599985e+09
1.643091458595593929e+09
1.643091458695610046e+09
1.643091458795676947e+09
1.643091458895703077e+09
1.643091458995717049e+09
1.643091459095933914e+09
1.643091459196047068e+09
1.643091459296272039e+09
1.643091459396549940e+09
1.643091459496743917e+09
1.643091459596821070e+09
1.643091459696660995e+09
1.643091459696660995e+09
1.643091459796430111e+09
1.643091459796430111e+09
1.643091459896187067e+09
1.643091459896187067e+09
1.643091459995939016e+09
1.643091459995939016e+09
1.643091460095781088e+09
1.643091460095781088e+09
1.643091460195518970e+09
1.643091460195518970e+09
1.643091460295317888e+09
1.643091460295317888e+09
1.643091460395205021e+09
1.643091460395205021e+09
1.643091460495131016e+09
1.643091460495131016e+09
1.643091460595129013e+09
1.643091460595129013e+09
1.643091460695141077e+09
1.643091460795212030e+09
1.643091460895251989e+09
1.643091460995328903e+09
1.643091461095551968e+09
1.643091461195638895e+09
1.643091461295779943e+09
1.643091461395925999e+09
1.643091461495980024e+09
1.643091461595953941e+09
1.643091461695808887e+09
1.643091461695808887e+09
1.643091461795574903e+09
1.643091461795574903e+09
1.643091461895317078e+09
1.643091461895317078e+09
1.643091461995184898e+09
1.643091461995184898e+09
1.643091462095375061e+09
1.643091462195594072e+09
1.643091462295918941e+09
1.643091462396306992e+09
1.643091462496646881e+09
1.643091462596863031e+09
1.643091462696921110e+09
1.643091462796838045e+09
1.643091462796838045e+09
1.643091462896699905e+09
1.643091462896699905e+09
1.643091462996589899e+09
1.643091462996589899e+09
1.643091463096565008e+09
1.643091463096565008e+09
1.643091463196481943e+09
1.643091463196481943e+09
1.643091463296310902e+09
1.643091463296310902e+09
1.643091463396145105e+09
1.643091463396145105e+09
1.643091463495950937e+09
1.643091463495950937e+09
1.643091463595848083e+09
1.643091463595848083e+09
1.643091463695703983e+09
1.643091463695703983e+09
1.643091463795663118e+09
1.643091463795663118e+09
1.643091463895638943e+09
1.643091463895638943e+09
1.643091463995707989e+09
1.643091464095962048e+09
1.643091464196069002e+09
1.643091464296087027e+09
1.643091464396119118e+09
1.643091464496072054e+09
1.643091464496072054e+09
1.643091464596009016e+09
1.643091464596009016e+09
1.643091464695983887e+09
1.643091464695983887e+09
1.643091464796056986e+09
1.643091464896138906e+09
1.643091464996134996e+09
1.643091465096313000e+09
1.643091465196333885e+09
1.643091465296334028e+09
1.643091465396311998e+09
1.643091465396311998e+09
1.643091465496257067e+09
1.643091465496257067e+09
1.643091465596333981e+09
1.643091465696460009e+09
1.643091465796664000e+09
1.643091465896838903e+09
1.643091465997005939e+09
1.643091466097142935e+09
1.643091466197072983e+09
1.643091466296955109e+09
1.643091466296955109e+09
1.643091466397001028e+09
1.643091466397001028e+09
1.643091466497001886e+09
1.643091466597054005e+09
1.643091466697180033e+09
1.643091466797326088e+09
1.643091466897406101e+09
1.643091466997308969e+09
1.643091466997308969e+09
1.643091467097296953e+09
1.643091467097296953e+09
1.643091467197124958e+09
1.643091467197124958e+09
1.643091467296933889e+09
1.643091467296933889e+09
1.643091467396840096e+09
1.643091467396840096e+09
1.643091467496764898e+09
1.643091467496764898e+09
1.643091467596827030e+09
1.643091467596827030e+09
1.643091467696880102e+09
1.643091467796920061e+09
1.643091467896918058e+09
1.643091467996973038e+09
1.643091468097176075e+09
1.643091468197148085e+09
1.643091468297045946e+09
1.643091468297045946e+09
1.643091468396899939e+09
1.643091468396899939e+09
1.643091468496736050e+09
1.643091468496736050e+09
1.643091468596605062e+09
1.643091468596605062e+09
1.643091468696450949e+09
1.643091468696450949e+09
1.643091468796226978e+09
1.643091468796226978e+09
1.643091468895894051e+09
1.643091468895894051e+09
1.643091468995634079e+09
1.643091468995634079e+09
1.643091469095671892e+09
1.643091469095671892e+09
1.643091469195672035e+09
1.643091469295753002e+09
1.643091469395838022e+09
1.643091469495981932e+09
1.643091469596200943e+09
1.643091469696366072e+09
1.643091469796448946e+09
1.643091469896430016e+09
1.643091469996450901e+09
1.643091470096550941e+09
1.643091470196521997e+09
1.643091470296447992e+09
1.643091470296447992e+09
1.643091470396389961e+09
1.643091470396389961e+09
1.643091470496315002e+09
1.643091470496315002e+09
1.643091470596338034e+09
1.643091470596338034e+09
1.643091470696345091e+09
1.643091470796293020e+09
1.643091470796293020e+09
1.643091470896260977e+09
1.643091470896260977e+09
1.643091470996258020e+09
1.643091470996258020e+09
1.643091471096338987e+09
1.643091471196269989e+09
1.643091471296200037e+09
1.643091471296200037e+09
1.643091471396150112e+09
1.643091471396150112e+09
1.643091471496131897e+09
1.643091471496131897e+09
1.643091471596241951e+09
1.643091471696398020e+09
1.643091471796546936e+09
1.643091471896615028e+09
1.643091471996608019e+09
1.643091472096575022e+09
1.643091472096575022e+09
1.643091472196464062e+09
1.643091472196464062e+09
1.643091472296377897e+09
1.643091472296377897e+09
1.643091472396301985e+09
1.643091472396301985e+09
1.643091472496186972e+09
1.643091472496186972e+09
1.643091472596062899e+09
1.643091472596062899e+09
1.643091472696005106e+09
1.643091472696005106e+09
1.643091472795944929e+09
1.643091472795944929e+09
1.643091472895921946e+09
1.643091472895921946e+09
1.643091472995886087e+09
1.643091472995886087e+09
1.643091473096035957e+09
1.643091473196167946e+09
1.643091473296294928e+09
1.643091473396507025e+09
1.643091473496717930e+09
1.643091473596961021e+09
1.643091473697221994e+09
1.643091473797313929e+09
1.643091473897166967e+09
1.643091473897166967e+09
1.643091473996896982e+09
1.643091473996896982e+09
1.643091474096788883e+09
1.643091474096788883e+09
1.643091474196592093e+09
1.643091474196592093e+09
1.643091474296447039e+09
1.643091474296447039e+09
1.643091474396383047e+09
1.643091474396383047e+09
1.643091474496263981e+09
1.643091474496263981e+09
1.643091474596268892e+09
1.643091474596268892e+09
1.643091474696307898e+09
1.643091474796292067e+09
1.643091474896202087e+09
1.643091474896202087e+09
1.643091474996114016e+09
1.643091474996114016e+09
1.643091475096137047e+09
1.643091475096137047e+09
1.643091475196012020e+09
1.643091475196012020e+09
1.643091475295944929e+09
1.643091475295944929e+09
1.643091475395872116e+09
1.643091475395872116e+09
1.643091475495769024e+09
1.643091475495769024e+09
1.643091475595748901e+09
1.643091475595748901e+09
1.643091475695764065e+09
1.643091475695764065e+09
1.643091475795834064e+09
1.643091475896017075e+09
1.643091475996141911e+09
1.643091476096311092e+09
1.643091476196245909e+09
1.643091476296155930e+09
1.643091476296155930e+09
1.643091476396200895e+09
1.643091476396200895e+09
1.643091476496058941e+09
1.643091476496058941e+09
1.643091476595902920e+09
1.643091476595902920e+09
1.643091476695724010e+09
1.643091476695724010e+09
1.643091476795504093e+09
1.643091476795504093e+09
1.643091476895337105e+09
1.643091476895337105e+09
1.643091476995148897e+09
1.643091476995148897e+09
1.643091477095266104e+09
1.643091477095266104e+09
1.643091477195446014e+09
1.643091477295702934e+09
1.643091477395936966e+09
1.643091477496058941e+09
1.643091477596215963e+09
1.643091477696139097e+09
1.643091477795995951e+09
1.643091477795995951e+09
1.643091477895883083e+09
1.643091477895883083e+09
1.643091477995640993e+09
1.643091477995640993e+09
1.643091478095534086e+09
1.643091478095534086e+09
1.643091478195389986e+09
1.643091478195389986e+09
1.643091478295198917e+09
1.643091478295198917e+09
1.643091478395114899e+09
1.643091478395114899e+09
1.643091478495033026e+09
1.643091478495033026e+09
1.643091478595077991e+09
1.643091478595077991e+09
1.643091478695252895e+09
1.643091478795363903e+09
1.643091478895567894e+09
1.643091478995834112e+09
1.643091479096185923e+09
1.643091479196425915e+09
1.643091479296515942e+09
1.643091479396490097e+09
1.643091479496470928e+09
1.643091479496470928e+09
1.643091479596456051e+09
1.643091479596456051e+09
1.643091479696337938e+09
1.643091479696337938e+09
1.643091479796159029e+09
1.643091479796159029e+09
1.643091479895962000e+09
1.643091479895962000e+09
1.643091479995776892e+09
1.643091479995776892e+09
1.643091480095768929e+09
1.643091480095768929e+09
1.643091480195641041e+09
1.643091480195641041e+09
1.643091480295548916e+09
1.643091480295548916e+09
1.643091480395442963e+09
1.643091480395442963e+09
1.643091480495265007e+09
1.643091480495265007e+09
1.643091480595083952e+09
1.643091480595083952e+09
1.643091480694907904e+09
1.643091480694907904e+09
1.643091480794862986e+09
1.643091480794862986e+09
1.643091480894972086e+09
1.643091480995129108e+09
1.643091481095351934e+09
1.643091481195414066e+09
1.643091481295483112e+09
1.643091481395529985e+09
1.643091481495580912e+09
1.643091481595674992e+09
1.643091481695719957e+09
1.643091481795728922e+09
1.643091481895824909e+09
1.643091481995969057e+09
1.643091482096199036e+09
1.643091482196325064e+09
1.643091482296412945e+09
1.643091482396519899e+09
1.643091482496587038e+09
1.643091482596679926e+09
1.643091482696810961e+09
1.643091482796786070e+09
1.643091482896759987e+09
1.643091482896759987e+09
1.643091482996716022e+09
1.643091482996716022e+09
1.643091483096755981e+09
1.643091483096755981e+09
1.643091483196569920e+09
1.643091483196569920e+09
1.643091483296300888e+09
1.643091483296300888e+09
1.643091483396018982e+09
1.643091483396018982e+09
1.643091483495714903e+09
1.643091483495714903e+09
1.643091483595541954e+09
1.643091483595541954e+09
1.643091483695493937e+09
1.643091483695493937e+09
1.643091483795690060e+09
1.643091483895879030e+09
1.643091483995978117e+09
1.643091484096200943e+09
1.643091484196290970e+09
1.643091484296334982e+09
1.643091484396311045e+09
1.643091484496309042e+09
1.643091484496309042e+09
1.643091484596272945e+09
1.643091484596272945e+09
1.643091484696183920e+09
1.643091484696183920e+09
1.643091484795984030e+09
1.643091484795984030e+09
1.643091484895819902e+09
1.643091484895819902e+09
1.643091484995631933e+09
1.643091484995631933e+09
1.643091485095704079e+09
1.643091485095704079e+09
1.643091485195703030e+09
1.643091485295814991e+09
1.643091485396090031e+09
1.643091485496500015e+09
1.643091485596877098e+09
1.643091485697103024e+09
1.643091485797110081e+09
1.643091485897020102e+09
1.643091485897020102e+09
1.643091485996834040e+09
1.643091485996834040e+09
1.643091486096771002e+09
1.643091486096771002e+09
1.643091486196508884e+09
1.643091486196508884e+09
1.643091486296271086e+09
1.643091486296271086e+09
1.643091486396099091e+09
1.643091486396099091e+09
1.643091486495934010e+09
1.643091486495934010e+09
1.643091486595829010e+09
1.643091486595829010e+09
1.643091486695782900e+09
1.643091486695782900e+09
1.643091486795639992e+09
1.643091486795639992e+09
1.643091486895476103e+09
1.643091486895476103e+09
1.643091486995361090e+09
1.643091486995361090e+09
1.643091487095410109e+09
1.643091487095410109e+09
1.643091487195342064e+09
1.643091487195342064e+09
1.643091487295211077e+09
1.643091487295211077e+09
1.643091487395054102e+09
1.643091487395054102e+09
1.643091487495007992e+09
1.643091487495007992e+09
1.643091487595051050e+09
1.643091487595051050e+09
1.643091487695188046e+09
1.643091487795315981e+09
1.643091487895365000e+09
1.643091487995424986e+09
1.643091488095608950e+09
1.643091488195600986e+09
1.643091488295636892e+09
1.643091488395598888e+09
1.643091488395598888e+09
1.643091488495470047e+09
1.643091488495470047e+09
1.643091488595396042e+09
1.643091488595396042e+09
1.643091488695389986e+09
1.643091488695389986e+09
1.643091488795403957e+09
1.643091488895351887e+09
1.643091488895351887e+09
1.643091488995400906e+09
1.643091488995400906e+09
1.643091489095630884e+09
1.643091489195760012e+09
1.643091489295953035e+09
1.643091489396254063e+09
1.643091489496454954e+09
1.643091489596535921e+09
1.643091489696521044e+09
1.643091489796363115e+09
1.643091489796363115e+09
1.643091489896162033e+09
1.643091489896162033e+09
1.643091489995913982e+09
1.643091489995913982e+09
1.643091490095714092e+09
1.643091490095714092e+09
1.643091490195441961e+09
1.643091490195441961e+09
1.643091490295178890e+09
1.643091490295178890e+09
1.643091490395035028e+09
1.643091490395035028e+09
1.643091490494786978e+09
1.643091490494786978e+09
1.643091490594634056e+09
1.643091490594634056e+09
1.643091490694731951e+09
1.643091490694731951e+09
1.643091490794913054e+09
1.643091490895195007e+09
1.643091490995667934e+09
1.643091491096179008e+09
1.643091491196419001e+09
1.643091491296478987e+09
1.643091491396368980e+09
1.643091491396368980e+09
1.643091491496299982e+09
1.643091491496299982e+09
1.643091491596229076e+09
1.643091491596229076e+09
1.643091491696192980e+09
1.643091491696192980e+09
1.643091491796139956e+09
1.643091491796139956e+09
1.643091491896038055e+09
1.643091491896038055e+09
1.643091491995975971e+09
1.643091491995975971e+09
1.643091492096012115e+09
1.643091492096012115e+09
1.643091492196006060e+09
1.643091492296037912e+09
1.643091492395997047e+09
1.643091492395997047e+09
1.643091492495846987e+09
1.643091492495846987e+09
1.643091492595760107e+09
1.643091492595760107e+09
1.643091492695641994e+09
1.643091492695641994e+09
1.643091492795512915e+09
1.643091492795512915e+09
1.643091492895464897e+09
1.643091492895464897e+09
1.643091492995450974e+09
1.643091492995450974e+09
1.643091493095617056e+09
1.643091493195616961e+09
1.643091493295686007e+09
1.643091493395844936e+09
1.643091493495882988e+09
1.643091493595843077e+09
1.643091493595843077e+09
1.643091493695713997e+09
1.643091493695713997e+09
1.643091493795619965e+09
1.643091493795619965e+09
1.643091493895579100e+09
1.643091493895579100e+09
1.643091493995552063e+09
1.643091493995552063e+09
1.643091494095707893e+09
1.643091494195656061e+09
1.643091494295600891e+09
1.643091494295600891e+09
1.643091494395641088e+09
1.643091494395641088e+09
1.643091494495623112e+09
1.643091494595603943e+09
1.643091494595603943e+09
1.643091494695530891e+09
1.643091494695530891e+09
1.643091494795511961e+09
1.643091494795511961e+09
1.643091494895529985e+09
1.643091494895529985e+09
1.643091494995592117e+09
1.643091495095812082e+09
1.643091495195812941e+09
1.643091495295711040e+09
1.643091495295711040e+09
1.643091495395533085e+09
1.643091495395533085e+09
1.643091495495356083e+09
1.643091495495356083e+09
1.643091495595177889e+09
1.643091495595177889e+09
1.643091495694978952e+09
1.643091495694978952e+09
1.643091495794827938e+09
1.643091495794827938e+09
1.643091495894720078e+09
1.643091495894720078e+09
1.643091495994728088e+09
1.643091495994728088e+09
1.643091496094842911e+09
1.643091496194674015e+09
1.643091496194674015e+09
1.643091496294485092e+09
1.643091496294485092e+09
1.643091496394311905e+09
1.643091496394311905e+09
1.643091496494210958e+09
1.643091496494210958e+09
1.643091496594274998e+09
1.643091496594274998e+09
1.643091496694370985e+09
1.643091496794548988e+09
1.643091496894752026e+09
1.643091496994890928e+09
1.643091497095108986e+09
1.643091497195175886e+09
1.643091497295233011e+09
1.643091497395308018e+09
1.643091497495377064e+09
1.643091497595484972e+09
1.643091497695481062e+09
1.643091497795468092e+09
1.643091497795468092e+09
1.643091497895397902e+09
1.643091497895397902e+09
1.643091497995373964e+09
1.643091497995373964e+09
1.643091498095446110e+09
1.643091498195307970e+09
1.643091498195307970e+09
1.643091498295124054e+09
1.643091498295124054e+09
1.643091498394907951e+09
1.643091498394907951e+09
1.643091498494652033e+09
1.643091498494652033e+09
1.643091498594602108e+09
1.643091498594602108e+09
1.643091498694657087e+09
1.643091498794770002e+09
1.643091498894879103e+09
1.643091498994981050e+09
1.643091499095227003e+09
1.643091499195219040e+09
1.643091499295218945e+09
1.643091499295218945e+09
1.643091499395287037e+09
1.643091499495332956e+09
1.643091499595439911e+09
1.643091499695585966e+09
1.643091499795737028e+09
1.643091499895751953e+09
1.643091499995719910e+09
1.643091499995719910e+09
1.643091500095818996e+09
1.643091500195709944e+09
1.643091500195709944e+09
1.643091500295689106e+09
1.643091500295689106e+09
1.643091500395801067e+09
1.643091500495882988e+09
1.643091500595974922e+09
1.643091500695980072e+09
1.643091500795986891e+09
1.643091500896078110e+09
1.643091500996251106e+09
1.643091501096527100e+09
1.643091501196557999e+09
1.643091501296612978e+09
1.643091501396642923e+09
1.643091501496562004e+09
1.643091501496562004e+09
1.643091501596389055e+09
1.643091501596389055e+09
1.643091501696132898e+09
1.643091501696132898e+09
1.643091501795769930e+09
1.643091501795769930e+09
1.643091501895514011e+09
1.643091501895514011e+09
1.643091501995429039e+09
1.643091501995429039e+09
1.643091502095541000e+09
1.643091502195632935e+09
1.643091502295792103e+09
1.643091502396043062e+09
1.643091502496228933e+09
1.643091502596296072e+09
1.643091502696337938e+09
1.643091502796340942e+09
1.643091502896164894e+09
1.643091502896164894e+09
1.643091502995829105e+09
1.643091502995829105e+09
1.643091503095612049e+09
1.643091503095612049e+09
1.643091503195307016e+09
1.643091503195307016e+09
1.643091503295017958e+09
1.643091503295017958e+09
1.643091503394870996e+09
1.643091503394870996e+09
1.643091503494787931e+09
1.643091503494787931e+09
1.643091503594799042e+09
1.643091503594799042e+09
1.643091503694926977e+09
1.643091503795216084e+09
1.643091503895531893e+09
1.643091503995909929e+09
1.643091504096307039e+09
1.643091504196408987e+09
1.643091504296513081e+09
1.643091504396636009e+09
1.643091504496618986e+09
1.643091504596565962e+09
1.643091504596565962e+09
1.643091504696640015e+09
1.643091504796796083e+09
1.643091504896842957e+09
1.643091504996855974e+09
1.643091505097013950e+09
1.643091505196902990e+09
1.643091505296739101e+09
1.643091505296739101e+09
1.643091505396584034e+09
1.643091505396584034e+09
1.643091505496339083e+09
1.643091505496339083e+09
1.643091505596115112e+09
1.643091505596115112e+09
1.643091505695990086e+09
1.643091505695990086e+09
1.643091505796016932e+09
1.643091505796016932e+09
1.643091505896151066e+09
1.643091505996342897e+09
1.643091506096693993e+09
1.643091506196913004e+09
1.643091506297036886e+09
1.643091506397047043e+09
1.643091506496942997e+09
1.643091506496942997e+09
1.643091506596815109e+09
1.643091506596815109e+09
1.643091506696680069e+09
1.643091506696680069e+09
1.643091506796583891e+09
1.643091506796583891e+09
1.643091506896481991e+09
1.643091506896481991e+09
1.643091506996351957e+09
1.643091506996351957e+09
1.643091507096355915e+09
1.643091507096355915e+09
1.643091507196209908e+09
1.643091507196209908e+09
1.643091507296159983e+09
1.643091507296159983e+09
1.643091507396262884e+09
1.643091507496380091e+09
1.643091507596429110e+09
1.643091507696472883e+09
1.643091507796417952e+09
1.643091507796417952e+09
1.643091507896282911e+09
1.643091507896282911e+09
1.643091507996254921e+09
1.643091507996254921e+09
1.643091508096472025e+09
1.643091508196681976e+09
1.643091508296885967e+09
1.643091508397018909e+09
1.643091508497152090e+09
1.643091508597089052e+09
1.643091508696980953e+09
1.643091508696980953e+09
1.643091508796859026e+09
1.643091508796859026e+09
1.643091508896713972e+09
1.643091508896713972e+09
1.643091508996630907e+09
1.643091508996630907e+09
1.643091509096740961e+09
1.643091509196717978e+09
1.643091509296708107e+09
1.643091509296708107e+09
1.643091509396676064e+09
1.643091509396676064e+09
1.643091509496556997e+09
1.643091509496556997e+09
1.643091509596364021e+09
1.643091509596364021e+09
1.643091509696151018e+09
1.643091509696151018e+09
1.643091509795943975e+09
1.643091509795943975e+09
1.643091509895749092e+09
1.643091509895749092e+09
1.643091509995706081e+09
1.643091509995706081e+09
1.643091510095860004e+09
1.643091510196033001e+09
1.643091510296358109e+09
1.643091510396774054e+09
1.643091510497020006e+09
1.643091510597136021e+09
1.643091510697168112e+09
1.643091510797091961e+09
1.643091510797091961e+09
1.643091510896894932e+09
1.643091510896894932e+09
1.643091510996773005e+09
1.643091510996773005e+09
1.643091511096746922e+09
1.643091511096746922e+09
1.643091511196578979e+09
1.643091511196578979e+09
1.643091511296412945e+09
1.643091511296412945e+09
1.643091511396354914e+09
1.643091511396354914e+09
1.643091511496436119e+09
1.643091511596558094e+09
1.643091511696738005e+09
1.643091511796924114e+09
1.643091511896981001e+09
1.643091511996947050e+09
1.643091512096956968e+09
1.643091512096956968e+09
1.643091512196773052e+09
1.643091512196773052e+09
1.643091512296492100e+09
1.643091512296492100e+09
1.643091512396244049e+09
1.643091512396244049e+09
1.643091512496114969e+09
1.643091512496114969e+09
1.643091512596074104e+09
1.643091512596074104e+09
1.643091512696064949e+09
1.643091512696064949e+09
1.643091512796111107e+09
1.643091512896130085e+09
1.643091512996098995e+09
1.643091512996098995e+09
1.643091513096184969e+09
1.643091513196100950e+09
1.643091513295977116e+09
1.643091513295977116e+09
1.643091513395783901e+09
1.643091513395783901e+09
1.643091513495595932e+09
1.643091513495595932e+09
1.643091513595477104e+09
1.643091513595477104e+09
1.643091513695486069e+09
1.643091513695486069e+09
1.643091513795519114e+09
1.643091513895579100e+09
1.643091513995732069e+09
1.643091514096026897e+09
1.643091514196113110e+09
1.643091514296118021e+09
1.643091514396024942e+09
1.643091514396024942e+09
1.643091514495951891e+09
1.643091514495951891e+09
1.643091514596012115e+09
1.643091514596012115e+09
1.643091514696099997e+09
1.643091514796077013e+09
1.643091514895895958e+09
1.643091514895895958e+09
1.643091514995709896e+09
1.643091514995709896e+09
1.643091515095556974e+09
1.643091515095556974e+09
1.643091515195305109e+09
1.643091515195305109e+09
1.643091515295195103e+09
1.643091515295195103e+09
1.643091515395205021e+09
1.643091515395205021e+09
1.643091515495138884e+09
1.643091515495138884e+09
1.643091515595108986e+09
1.643091515595108986e+09
1.643091515695189953e+09
1.643091515795346975e+09
1.643091515895572901e+09
1.643091515995826960e+09
1.643091516096153975e+09
1.643091516196346045e+09
1.643091516296504021e+09
1.643091516396559000e+09
1.643091516496517897e+09
1.643091516596371889e+09
1.643091516596371889e+09
1.643091516696188927e+09
1.643091516696188927e+09
1.643091516795994997e+09
1.643091516795994997e+09
1.643091516895828962e+09
1.643091516895828962e+09
1.643091516995739937e+09
1.643091516995739937e+09
1.643091517095768929e+09
1.643091517095768929e+09
1.643091517195645094e+09
1.643091517195645094e+09
1.643091517295639038e+09
1.643091517295639038e+09
1.643091517395617008e+09
1.643091517395617008e+09
1.643091517495631933e+09
1.643091517495631933e+09
1.643091517595608950e+09
1.643091517595608950e+09
1.643091517695575953e+09
1.643091517695575953e+09
1.643091517795541048e+09
1.643091517795541048e+09
1.643091517895493984e+09
1.643091517895493984e+09
1.643091517995518923e+09
1.643091517995518923e+09
1.643091518095709085e+09
1.643091518195744991e+09
1.643091518295774937e+09
1.643091518395801067e+09
1.643091518495866060e+09
1.643091518595971107e+09
1.643091518696074009e+09
1.643091518796122074e+09
1.643091518896029949e+09
1.643091518896029949e+09
1.643091518995800018e+09
1.643091518995800018e+09
1.643091519095635891e+09
1.643091519095635891e+09
1.643091519195403099e+09
1.643091519195403099e+09
1.643091519295140982e+09
1.643091519295140982e+09
1.643091519394963980e+09
1.643091519394963980e+09
1.643091519494894028e+09
1.643091519494894028e+09
1.643091519594923019e+09
1.643091519594923019e+09
1.643091519695018053e+09
1.643091519795057058e+09
1.643091519895121098e+09
1.643091519995151997e+09
1.643091520095246077e+09
1.643091520195156097e+09
1.643091520295053959e+09
1.643091520295053959e+09
1.643091520394958019e+09
1.643091520394958019e+09
1.643091520494853020e+09
1.643091520494853020e+09
1.643091520594774008e+09
1.643091520594774008e+09
1.643091520694730997e+09
1.643091520694730997e+09
1.643091520794698000e+09
1.643091520794698000e+09
1.643091520894597054e+09
1.643091520894597054e+09
1.643091520994476080e+09
1.643091520994476080e+09
1.643091521094536066e+09
1.643091521094536066e+09
1.643091521194566965e+09
1.643091521294500113e+09
1.643091521294500113e+09
1.643091521394395113e+09
1.643091521394395113e+09
1.643091521494322062e+09
1.643091521494322062e+09
1.643091521594381094e+09
1.643091521594381094e+09
1.643091521694566011e+09
1.643091521794737101e+09
1.643091521894898891e+09
1.643091521995074034e+09
1.643091522095314980e+09
1.643091522195338964e+09
1.643091522295280933e+09
1.643091522295280933e+09
1.643091522395251989e+09
1.643091522395251989e+09
1.643091522495311022e+09
1.643091522595371962e+09
1.643091522695322990e+09
1.643091522795183897e+09
1.643091522795183897e+09
1.643091522894979000e+09
1.643091522894979000e+09
1.643091522994708061e+09
1.643091522994708061e+09
1.643091523094484091e+09
1.643091523094484091e+09
1.643091523194166899e+09
1.643091523194166899e+09
1.643091523294034958e+09
1.643091523294034958e+09
1.643091523394134998e+09
1.643091523394134998e+09
1.643091523494317055e+09
1.643091523594579935e+09
1.643091523694833040e+09
1.643091523794929981e+09
1.643091523894885063e+09
1.643091523994750977e+09
1.643091523994750977e+09
1.643091524094729900e+09
1.643091524094729900e+09
1.643091524194752932e+09
1.643091524294814110e+09
1.643091524394805908e+09
1.643091524494765997e+09
1.643091524494765997e+09
1.643091524594681025e+09
1.643091524594681025e+09
1.643091524694715023e+09
1.643091524694715023e+09
1.643091524794769049e+09
1.643091524894813061e+09
1.643091524994834900e+09
1.643091525094969988e+09
1.643091525195044994e+09
1.643091525295207977e+09
1.643091525395353079e+09
1.643091525495388985e+09
1.643091525595283031e+09
1.643091525595283031e+09
1.643091525695113897e+09
1.643091525695113897e+09
1.643091525794925928e+09
1.643091525794925928e+09
1.643091525894710064e+09
1.643091525894710064e+09
1.643091525994514942e+09
1.643091525994514942e+09
1.643091526094506025e+09
1.643091526094506025e+09
1.643091526194328070e+09
1.643091526194328070e+09
1.643091526294195890e+09
1.643091526294195890e+09
1.643091526394099951e+09
1.643091526394099951e+09
1.643091526494064093e+09
1.643091526494064093e+09
1.643091526594070911e+09
1.643091526594070911e+09
1.643091526694108009e+09
1.643091526794150114e+09
1.643091526894119024e+09
1.643091526994136095e+09
1.643091526994136095e+09
1.643091527094285011e+09
1.643091527194322109e+09
1.643091527294394970e+09
1.643091527394423008e+09
1.643091527494364023e+09
1.643091527494364023e+09
1.643091527594249010e+09
1.643091527594249010e+09
1.643091527694148064e+09
1.643091527694148064e+09
1.643091527794096947e+09
1.643091527794096947e+09
1.643091527894064903e+09
1.643091527894064903e+09
1.643091527994041920e+09
1.643091527994041920e+09
