0.000000 -0.143798 -0.048458 -0.017141 -0.047849 -0.507579 -0.800639 0.314723
1.000000 0.016957 -0.000151 -0.095175 0.788291 -0.602450 -0.076875 0.098703
2.000000 -0.102103 -0.055672 0.102898 0.553826 -0.806777 -0.198669 -0.054015
3.000000 -0.027815 -0.154551 -0.063799 0.741398 -0.571020 -0.330836 0.121710
4.000000 -0.087693 -0.034850 -0.015343 0.173329 -0.903640 -0.342838 -0.189353
5.000000 -0.092940 -0.076626 0.063873 0.582468 -0.595656 -0.551903 0.036448
6.000000 -0.017621 -0.069841 -0.039532 0.653893 -0.712677 -0.205049 0.149899
7.000000 0.123353 -0.096892 -0.114079 0.567345 -0.763696 -0.161311 0.262424
8.000000 -0.148911 -0.057105 -0.044480 0.488080 -0.402990 -0.688523 -0.353996
9.000000 -0.039610 -0.224030 0.091218 0.248855 -0.218120 -0.571932 -0.750592
10.000000 0.027363 -0.193208 -0.039363 0.273457 -0.693239 -0.058051 -0.664283
11.000000 -0.051106 -0.278472 0.138536 0.445505 -0.642995 -0.535801 -0.317805
12.000000 0.124705 -0.094619 -0.000856 0.268047 -0.145386 -0.462474 -0.832545
13.000000 0.049001 -0.123769 0.022262 0.381034 -0.775086 -0.195851 0.464433
14.000000 -0.039030 0.009017 -0.185302 0.471319 -0.723188 -0.404402 0.302186
15.000000 0.039787 -0.197018 0.160966 0.041602 -0.506784 -0.439325 -0.740563
16.000000 0.047998 -0.242159 0.127422 -0.088150 -0.166767 -0.141742 -0.971765
17.000000 -0.115227 -0.227920 0.166923 0.151198 -0.489514 -0.370477 -0.774766
18.000000 0.059274 -0.028276 0.014328 0.449340 -0.852463 0.265745 -0.027909
19.000000 0.059751 0.050386 0.000242 0.497267 -0.832969 -0.180333 -0.162381
20.000000 -0.047194 0.017670 0.030125 0.787073 -0.498933 0.318559 0.173498
