0.000000 0.001898 -0.213524 -0.058189 -0.625266 -0.107350 0.550092 -0.543063
1.000000 -0.013570 -0.137643 -0.019647 -0.509639 -0.060076 0.488360 -0.705807
2.000000 -0.077793 -0.042526 0.004966 -0.791778 -0.372219 0.204148 -0.439163
3.000000 0.064310 -0.046887 0.086912 -0.643984 -0.335597 0.663708 -0.179306
4.000000 0.043681 -0.024256 0.019707 -0.701381 -0.503209 0.432109 0.261011
5.000000 0.066713 0.031067 0.147954 -0.902176 -0.174111 0.026625 -0.393770
6.000000 0.071101 -0.073221 0.034741 -0.520685 -0.523712 0.429265 -0.519947
7.000000 -0.098797 -0.044298 -0.126034 -0.617673 -0.472209 -0.057815 -0.626224
8.000000 0.031750 -0.000942 -0.075961 -0.521689 -0.727216 0.441074 0.066722
9.000000 -0.025503 -0.133508 0.071267 -0.492313 -0.081316 0.838204 -0.220066
10.000000 0.006200 -0.076448 -0.028431 -0.234096 -0.842311 0.437762 -0.209943
11.000000 0.029279 0.094217 0.018443 -0.815475 -0.192062 0.278802 -0.469450
12.000000 0.000286 -0.077187 0.014476 -0.674618 -0.392961 0.070225 -0.620919
13.000000 0.031165 -0.054055 0.062722 -0.566687 -0.653928 0.322165 -0.383997
14.000000 0.122689 -0.020322 0.135117 -0.645547 -0.469039 0.429401 -0.422950
15.000000 0.010457 0.011197 -0.095728 -0.793807 -0.366361 0.238535 -0.422789
16.000000 -0.057860 -0.021485 -0.001198 -0.779914 -0.319768 0.502690 -0.191794
17.000000 0.022396 -0.036881 0.043837 -0.482932 -0.751152 0.403131 -0.200084
18.000000 -0.025687 -0.032574 -0.083650 -0.742795 -0.295422 0.550229 -0.241309
19.000000 -0.070037 -0.036002 0.126487 0.233794 -0.117553 0.199193 -0.944375
20.000000 -0.118749 0.048013 0.059197 -0.412236 0.230190 -0.064271 -0.879172
