0.000000 -1.302587 -0.431387 -1.070463 0.791425 -0.611218 -0.005392 0.005395
1.000000 -1.280067 -0.385353 -1.073549 -0.342007 0.939689 -0.004083 0.000353
2.000000 0.097561 0.106063 -1.213781 0.514143 -0.847560 0.095712 0.090218
3.000000 -1.361654 -0.350748 -1.072514 -0.220622 0.975355 -0.002507 -0.001803
4.000000 -1.162963 -0.374573 -1.072256 -0.794936 0.606633 -0.004743 -0.007061
5.000000 0.488072 0.499131 -1.252725 0.464904 -0.877423 -0.112055 -0.037902
6.000000 -1.461162 -0.169750 -1.066882 -0.174651 0.983999 -0.014632 -0.032072
7.000000 0.655504 -1.276209 -1.457040 -0.590747 0.806433 -0.010807 -0.023811
8.000000 -1.888395 0.940186 -1.070775 -0.983519 0.121084 -0.019246 -0.132882
9.000000 -0.000098 0.000018 -0.000011 0.000067 -0.000063 0.000098 1.000000
10.000000 -0.208961 0.443619 -1.068374 -0.554377 0.828622 0.072260 0.028802
11.000000 -203.518539 150.917526 1164.469727 -0.094947 -0.758614 0.077194 0.639946
12.000000 -0.000141 -0.000061 0.000029 -0.000279 0.000043 0.001033 0.999999
13.000000 -0.985551 -0.219355 -1.073987 0.374920 -0.926974 0.004227 0.011669
14.000000 -1.179227 0.209776 -2.049769 0.409377 -0.876254 -0.222699 -0.122457
15.000000 0.000000 0.000000 0.000000 -0.000000 -0.000000 -0.000000 1.000000
16.000000 0.000000 -0.000000 0.000000 0.000000 0.000000 0.000000 1.000000
17.000000 0.000021 0.000096 -0.000001 -0.000071 0.000029 -0.000001 1.000000
18.000000 -0.786651 -0.245440 -1.076667 0.810222 -0.586070 -0.000270 0.007895
19.000000 -0.988326 -0.304960 -1.073878 0.409685 -0.912030 0.012544 0.014205
20.000000 -1.303602 -0.361548 -1.073276 -0.342634 0.939461 -0.003817 0.000804
