0.000000 -0.070855 -0.049423 0.198082 -0.286331 -0.496256 -0.305167 -0.760669
1.000000 -0.127794 -0.050499 0.051012 0.609282 -0.737823 -0.041668 0.287501
2.000000 -0.002132 -0.061904 0.006077 0.818664 -0.567232 -0.071579 0.053968
3.000000 -0.067609 -0.128370 -0.041635 0.447637 -0.700798 -0.546716 -0.098009
4.000000 -0.066963 -0.164106 -0.047628 0.536416 -0.749061 -0.258219 0.290669
5.000000 -0.045476 -0.037643 -0.137961 0.704304 -0.493458 -0.473539 0.190304
6.000000 -0.162980 0.074407 0.254400 0.743721 -0.604391 -0.269870 -0.093596
7.000000 -0.140636 -0.116083 -0.158386 0.665588 -0.570121 -0.414610 -0.245057
8.000000 -0.059589 -0.128724 -0.031769 0.796529 -0.528573 -0.284936 -0.070452
9.000000 -0.051817 0.019709 -0.054650 0.251391 -0.938058 -0.112607 -0.210167
10.000000 -0.109943 -0.172591 0.357631 -0.076772 -0.158624 -0.146895 -0.973327
11.000000 -0.050265 0.017633 0.281383 0.236517 -0.236637 -0.143193 -0.931428
12.000000 -0.083270 -0.188314 -0.026166 0.375480 -0.849410 -0.253054 -0.271074
13.000000 -0.101863 -0.213312 0.199998 -0.023433 0.015892 -0.234637 -0.971671
14.000000 -0.186939 0.106685 -0.136052 0.121573 -0.927774 -0.139610 0.323983
15.000000 -0.082464 -0.032264 -0.018217 0.328667 -0.919186 -0.169137 0.135899
16.000000 0.058287 -0.072075 -0.085074 0.483154 -0.794547 0.111033 0.350611
17.000000 -0.002117 0.013810 0.066530 0.665793 -0.604228 0.066250 0.432711
18.000000 -0.072916 -0.062434 0.195902 -0.165725 -0.575232 -0.100389 -0.794711
19.000000 0.095036 -0.079382 0.011369 0.123111 -0.963037 0.235318 0.045054
20.000000 -0.040460 -0.030090 -0.105738 0.497276 -0.769536 -0.289675 0.276801
